sp|I1RGD4|ATG23_GIBZE,0.09569798068481124,0.06760316066725197,0.027216856892010536,0.06935908691834942,0.0,0.06409130816505706,0.13257243195785778,0.03160667251975417,0.006145741878841089,0.025460930640913083,0.09394205443371378,0.1106233538191396,0.01755926251097454,0.01141352063213345,0.03687445127304653,0.08691834942932397,0.06760316066725197,0.001755926251097454,0.007901668129938543,0.0456540825285338
sp|Q6C0L6|ATG17_YARLI,0.10784313725490197,0.06862745098039216,0.041666666666666664,0.056372549019607844,0.012254901960784314,0.0857843137254902,0.11274509803921569,0.041666666666666664,0.031862745098039214,0.02696078431372549,0.12254901960784313,0.0392156862745098,0.01715686274509804,0.024509803921568627,0.014705882352941176,0.04656862745098039,0.051470588235294115,0.007352941176470588,0.02696078431372549,0.06372549019607843
sp|Q75B65|ATG20_ASHGO,0.07625649913344887,0.05545927209705372,0.05199306759098787,0.053726169844020795,0.006932409012131715,0.05025996533795494,0.0779896013864818,0.0658578856152513,0.02079722703639515,0.060658578856152515,0.09705372616984402,0.06412478336221837,0.01559792027729636,0.02079722703639515,0.045060658578856154,0.09358752166377816,0.04852686308492201,0.0034662045060658577,0.038128249566724434,0.053726169844020795
sp|Q51IZ9|ATG22_MAGO7,0.09867452135493372,0.0662739322533137,0.017673048600883652,0.060382916053019146,0.013254786450662739,0.022091310751104567,0.05743740795287187,0.07216494845360824,0.01914580265095729,0.0662739322533137,0.10456553755522828,0.027982326951399118,0.01914580265095729,0.055964653902798235,0.053019145802650956,0.09425625920471281,0.044182621502209134,0.01914580265095729,0.035346097201767304,0.053019145802650956
sp|Q7SG38|ATG22_NEUCR,0.10176390773405698,0.04748982360922659,0.028493894165535955,0.04748982360922659,0.016282225237449117,0.024423337856173677,0.050203527815468114,0.08683853459972862,0.013568521031207599,0.07191316146540028,0.10040705563093623,0.027137042062415198,0.017639077340569877,0.04748982360922659,0.051560379918588875,0.09633649932157395,0.05698778833107191,0.023066485753052916,0.04748982360922659,0.04341926729986431
sp|W0T4C1|ATG12_KLUMD,0.07692307692307693,0.05641025641025641,0.06153846153846154,0.041025641025641026,0.020512820512820513,0.05641025641025641,0.07692307692307693,0.041025641025641026,0.020512820512820513,0.05128205128205128,0.08717948717948718,0.05128205128205128,0.005128205128205128,0.035897435897435895,0.03076923076923077,0.16923076923076924,0.046153846153846156,0.005128205128205128,0.015384615384615385,0.05128205128205128
sp|Q5BCH0|ATG12_EMENI,0.09036144578313253,0.060240963855421686,0.060240963855421686,0.07228915662650602,0.018072289156626505,0.03614457831325301,0.030120481927710843,0.03614457831325301,0.012048192771084338,0.04819277108433735,0.08433734939759036,0.05421686746987952,0.018072289156626505,0.04216867469879518,0.0783132530120482,0.12048192771084337,0.04819277108433735,0.006024096385542169,0.012048192771084338,0.07228915662650602
sp|Q9LZZ9|ATG8G_ARATH,0.049586776859504134,0.05785123966942149,0.04132231404958678,0.0743801652892562,0.0,0.024793388429752067,0.08264462809917356,0.04132231404958678,0.008264462809917356,0.0743801652892562,0.049586776859504134,0.09090909090909091,0.03305785123966942,0.05785123966942149,0.04132231404958678,0.08264462809917356,0.049586776859504134,0.0,0.049586776859504134,0.09090909090909091
sp|Q8H715|ATG8_PHYIN,0.0603448275862069,0.0603448275862069,0.034482758620689655,0.06896551724137931,0.008620689655172414,0.04310344827586207,0.06896551724137931,0.034482758620689655,0.008620689655172414,0.10344827586206896,0.05172413793103448,0.10344827586206896,0.017241379310344827,0.0603448275862069,0.06896551724137931,0.0603448275862069,0.034482758620689655,0.0,0.05172413793103448,0.0603448275862069
sp|Q872C6|ATG5_NEUCR,0.057692307692307696,0.054945054945054944,0.03296703296703297,0.04120879120879121,0.01098901098901099,0.04945054945054945,0.03571428571428571,0.06868131868131869,0.027472527472527472,0.04120879120879121,0.10714285714285714,0.024725274725274724,0.016483516483516484,0.03021978021978022,0.11813186813186813,0.13736263736263737,0.054945054945054944,0.013736263736263736,0.03571428571428571,0.04120879120879121
sp|Q9P373|ATG4_SCHPO,0.053125,0.05,0.034375,0.0625,0.025,0.05,0.06875,0.046875,0.0375,0.065625,0.09375,0.021875,0.01875,0.071875,0.059375,0.06875,0.06875,0.015625,0.04375,0.04375
sp|Q557H7|ATG4_DICDI,0.021476510067114093,0.025503355704697986,0.14093959731543623,0.04429530201342282,0.013422818791946308,0.11140939597315436,0.049664429530201344,0.040268456375838924,0.025503355704697986,0.07114093959731543,0.06442953020134229,0.05503355704697987,0.020134228187919462,0.038926174496644296,0.05771812080536913,0.08053691275167785,0.053691275167785234,0.008053691275167786,0.04697986577181208,0.03087248322147651
sp|Q59VY1|ATG5_CANAL,0.025179856115107913,0.02158273381294964,0.07553956834532374,0.046762589928057555,0.007194244604316547,0.050359712230215826,0.046762589928057555,0.03237410071942446,0.014388489208633094,0.12949640287769784,0.12949640287769784,0.06474820143884892,0.02877697841726619,0.03597122302158273,0.05755395683453238,0.07194244604316546,0.046762589928057555,0.02158273381294964,0.046762589928057555,0.046762589928057555
sp|Q0UXN8|ATG5_PHANO,0.06109324758842444,0.05144694533762058,0.028938906752411574,0.05787781350482315,0.003215434083601286,0.04501607717041801,0.03536977491961415,0.05466237942122187,0.04501607717041801,0.04501607717041801,0.1414790996784566,0.03536977491961415,0.01607717041800643,0.028938906752411574,0.08360128617363344,0.08360128617363344,0.04823151125401929,0.01929260450160772,0.04180064308681672,0.07395498392282958
sp|Q2U5B0|ATG4_ASPOR,0.0687960687960688,0.07371007371007371,0.029484029484029485,0.07862407862407862,0.0171990171990172,0.036855036855036855,0.056511056511056514,0.085995085995086,0.02702702702702703,0.06142506142506143,0.07862407862407862,0.03194103194103194,0.019656019656019656,0.03194103194103194,0.06388206388206388,0.06633906633906633,0.06142506142506143,0.02457002457002457,0.03194103194103194,0.05405405405405406
sp|A7KAL5|ATG4_PENRW,0.06483790523690773,0.07231920199501247,0.02493765586034913,0.0773067331670823,0.014962593516209476,0.0399002493765586,0.05486284289276808,0.06483790523690773,0.029925187032418952,0.04987531172069826,0.0773067331670823,0.032418952618453865,0.02493765586034913,0.0399002493765586,0.0798004987531172,0.08728179551122195,0.06733167082294264,0.02493765586034913,0.032418952618453865,0.0399002493765586
sp|A2QWA6|ATG13_ASPNC,0.08663883089770355,0.09081419624217119,0.03966597077244259,0.05323590814196242,0.0020876826722338203,0.025052192066805846,0.049060542797494784,0.05845511482254697,0.022964509394572025,0.03444676409185804,0.07724425887265135,0.031315240083507306,0.012526096033402923,0.026096033402922755,0.10647181628392484,0.15657620041753653,0.06471816283924843,0.0041753653444676405,0.014613778705636743,0.04384133611691023
sp|Q6FX35|ATG14_CANGA,0.03571428571428571,0.06043956043956044,0.054945054945054944,0.06043956043956044,0.016483516483516484,0.06318681318681318,0.06318681318681318,0.03296703296703297,0.024725274725274724,0.0989010989010989,0.12087912087912088,0.09615384615384616,0.027472527472527472,0.019230769230769232,0.038461538461538464,0.06593406593406594,0.027472527472527472,0.01098901098901099,0.038461538461538464,0.04395604395604396
sp|W0T661|ATG16_KLUMD,0.03968253968253968,0.07142857142857142,0.05555555555555555,0.07936507936507936,0.0,0.03968253968253968,0.14285714285714285,0.015873015873015872,0.007936507936507936,0.03968253968253968,0.1746031746031746,0.11904761904761904,0.015873015873015872,0.023809523809523808,0.015873015873015872,0.05555555555555555,0.023809523809523808,0.007936507936507936,0.031746031746031744,0.03968253968253968
sp|A7KAM6|ATG17_PENRW,0.09927797833935018,0.0703971119133574,0.030685920577617327,0.07220216606498195,0.0036101083032490976,0.04693140794223827,0.0740072202166065,0.06498194945848375,0.039711191335740074,0.04512635379061372,0.11371841155234658,0.032490974729241874,0.019855595667870037,0.021660649819494584,0.032490974729241874,0.10649819494584838,0.04332129963898917,0.005415162454873646,0.018050541516245487,0.05956678700361011
sp|Q520U5|ATG16_MAGO7,0.14215686274509803,0.07352941176470588,0.04411764705882353,0.058823529411764705,0.00980392156862745,0.0784313725490196,0.10784313725490197,0.0392156862745098,0.0,0.0196078431372549,0.12254901960784313,0.06862745098039216,0.024509803921568627,0.004901960784313725,0.0196078431372549,0.08333333333333333,0.03431372549019608,0.00980392156862745,0.004901960784313725,0.05392156862745098
sp|A6SG03|ATG17_BOTFB,0.08,0.062,0.052,0.064,0.002,0.024,0.102,0.044,0.04,0.044,0.092,0.054,0.028,0.034,0.044,0.1,0.042,0.006,0.026,0.06
sp|F4JBP3|ATG1B_ARATH,0.07032348804500703,0.06329113924050633,0.0450070323488045,0.05485232067510549,0.011251758087201125,0.04781997187060478,0.05625879043600562,0.06329113924050633,0.03234880450070324,0.06188466947960619,0.10689170182841069,0.0450070323488045,0.02390998593530239,0.04360056258790436,0.052039381153305204,0.1111111111111111,0.03938115330520394,0.004219409282700422,0.01969057665260197,0.04781997187060478
sp|A0A098DPY0|ATG29_GIBZE,0.08816120906801007,0.08816120906801007,0.022670025188916875,0.07304785894206549,0.0025188916876574307,0.04534005037783375,0.05289672544080604,0.07556675062972293,0.022670025188916875,0.02518891687657431,0.055415617128463476,0.037783375314861464,0.012594458438287154,0.017632241813602016,0.10075566750629723,0.15869017632241814,0.05793450881612091,0.007556675062972292,0.015113350125944584,0.04030226700251889
sp|A2QTX8|AT222_ASPNC,0.09333333333333334,0.043333333333333335,0.015,0.028333333333333332,0.011666666666666667,0.021666666666666667,0.05,0.085,0.013333333333333334,0.055,0.125,0.03166666666666667,0.023333333333333334,0.06,0.06166666666666667,0.09333333333333334,0.056666666666666664,0.023333333333333334,0.023333333333333334,0.085
sp|Q2RBS4|ATG8D_ORYSJ,0.05084745762711865,0.059322033898305086,0.03389830508474576,0.025423728813559324,0.01694915254237288,0.025423728813559324,0.09322033898305085,0.05084745762711865,0.00847457627118644,0.0423728813559322,0.09322033898305085,0.06779661016949153,0.0423728813559322,0.07627118644067797,0.07627118644067797,0.0847457627118644,0.0423728813559322,0.0,0.05084745762711865,0.059322033898305086
sp|Q6CT08|ATG9_KLULA,0.0473568281938326,0.046255506607929514,0.06828193832599119,0.053964757709251104,0.009911894273127754,0.037444933920704845,0.07599118942731277,0.0473568281938326,0.015418502202643172,0.06277533039647577,0.10022026431718062,0.06387665198237885,0.016519823788546256,0.0605726872246696,0.040748898678414094,0.09581497797356828,0.05726872246696035,0.011013215859030838,0.04405286343612335,0.04515418502202643
sp|A7KAI1|ATG2_PICAN,0.058923512747875356,0.040793201133144476,0.059490084985835696,0.06345609065155808,0.01076487252124646,0.03002832861189802,0.07422096317280454,0.04872521246458923,0.018130311614730877,0.06345609065155808,0.09518413597733712,0.06345609065155808,0.024362606232294616,0.042492917847025496,0.03229461756373938,0.11671388101983003,0.06288951841359773,0.004532577903682719,0.02322946175637394,0.06685552407932012
sp|Q6C6M0|ATG2_YARLI,0.06688524590163934,0.0419672131147541,0.04131147540983607,0.0760655737704918,0.009836065573770493,0.028852459016393443,0.06229508196721312,0.06295081967213115,0.015737704918032787,0.05573770491803279,0.09967213114754099,0.05901639344262295,0.024262295081967214,0.03540983606557377,0.04524590163934426,0.09967213114754099,0.06360655737704918,0.0045901639344262295,0.020327868852459016,0.08655737704918033
sp|Q6CYG2|ATG32_KLULA,0.05725190839694656,0.02480916030534351,0.05725190839694656,0.0648854961832061,0.009541984732824428,0.04961832061068702,0.04580152671755725,0.07061068702290077,0.03244274809160305,0.06297709923664122,0.07824427480916031,0.07251908396946564,0.022900763358778626,0.04770992366412214,0.03435114503816794,0.12595419847328243,0.05152671755725191,0.015267175572519083,0.026717557251908396,0.04961832061068702
sp|D4B086|ATG27_ARTBC,0.04918032786885246,0.04590163934426229,0.04262295081967213,0.06885245901639345,0.022950819672131147,0.01639344262295082,0.06885245901639345,0.08852459016393442,0.022950819672131147,0.04262295081967213,0.10491803278688525,0.10163934426229508,0.013114754098360656,0.036065573770491806,0.03278688524590164,0.08196721311475409,0.05573770491803279,0.01639344262295082,0.019672131147540985,0.06885245901639345
sp|Q5AWA2|ATG7_EMENI,0.08459214501510574,0.054380664652567974,0.04380664652567976,0.06042296072507553,0.022658610271903322,0.03323262839879154,0.052870090634441085,0.06797583081570997,0.022658610271903322,0.04229607250755287,0.1027190332326284,0.055891238670694864,0.022658610271903322,0.03625377643504532,0.055891238670694864,0.07099697885196375,0.04380664652567976,0.01812688821752266,0.030211480362537766,0.07854984894259819
sp|A2YS06|ATG8C_ORYSI,0.08333333333333333,0.075,0.03333333333333333,0.058333333333333334,0.0,0.016666666666666666,0.09166666666666666,0.03333333333333333,0.008333333333333333,0.075,0.075,0.09166666666666666,0.025,0.058333333333333334,0.058333333333333334,0.05,0.041666666666666664,0.0,0.05,0.075
sp|A7KAJ7|ATG12_PICAN,0.03592814371257485,0.017964071856287425,0.059880239520958084,0.059880239520958084,0.011976047904191617,0.041916167664670656,0.0718562874251497,0.029940119760479042,0.0,0.07784431137724551,0.09580838323353294,0.10179640718562874,0.023952095808383235,0.03592814371257485,0.041916167664670656,0.11976047904191617,0.0718562874251497,0.0,0.023952095808383235,0.07784431137724551
sp|F4K265|AT101_ARATH,0.013953488372093023,0.04186046511627907,0.03255813953488372,0.037209302325581395,0.023255813953488372,0.046511627906976744,0.11162790697674418,0.037209302325581395,0.037209302325581395,0.09767441860465116,0.08837209302325581,0.08372093023255814,0.023255813953488372,0.05116279069767442,0.05581395348837209,0.07906976744186046,0.027906976744186046,0.018604651162790697,0.027906976744186046,0.06511627906976744
sp|Q59X11|ATG2_CANAL,0.04202586206896552,0.03502155172413793,0.06788793103448276,0.07219827586206896,0.005926724137931034,0.03879310344827586,0.06896551724137931,0.05603448275862069,0.012392241379310345,0.07058189655172414,0.09859913793103449,0.07866379310344827,0.01939655172413793,0.04525862068965517,0.03556034482758621,0.10398706896551724,0.0603448275862069,0.003771551724137931,0.026400862068965518,0.05818965517241379
sp|C5DH39|ATG32_LACTC,0.046610169491525424,0.0635593220338983,0.057203389830508475,0.04025423728813559,0.012711864406779662,0.057203389830508475,0.0614406779661017,0.04025423728813559,0.03389830508474576,0.05508474576271186,0.09533898305084745,0.04449152542372881,0.023305084745762712,0.025423728813559324,0.057203389830508475,0.13771186440677965,0.046610169491525424,0.01059322033898305,0.025423728813559324,0.06567796610169492
sp|Q2UUT6|ATG9_ASPOR,0.060988433228180865,0.08201892744479496,0.04206098843322818,0.06624605678233439,0.005257623554153523,0.03785488958990536,0.05152471083070452,0.07255520504731862,0.026288117770767613,0.048370136698212406,0.08937960042060988,0.035751840168243953,0.027339642481598318,0.0683491062039958,0.06203995793901157,0.07781282860147214,0.05152471083070452,0.016824395373291272,0.027339642481598318,0.050473186119873815
sp|Q9BY60|GBRL3_HUMAN,0.042735042735042736,0.07692307692307693,0.02564102564102564,0.07692307692307693,0.0,0.02564102564102564,0.08547008547008547,0.03418803418803419,0.02564102564102564,0.042735042735042736,0.08547008547008547,0.10256410256410256,0.017094017094017096,0.05982905982905983,0.07692307692307693,0.042735042735042736,0.03418803418803419,0.0,0.07692307692307693,0.06837606837606838
sp|Q8NJJ4|ATG8_PICPA,0.048,0.064,0.008,0.08,0.016,0.016,0.112,0.04,0.016,0.104,0.048,0.104,0.024,0.064,0.064,0.04,0.024,0.0,0.048,0.08
sp|Q9VTU1|APG12_DROME,0.08108108108108109,0.009009009009009009,0.06306306306306306,0.04504504504504504,0.02702702702702703,0.05405405405405406,0.036036036036036036,0.05405405405405406,0.018018018018018018,0.08108108108108109,0.08108108108108109,0.09009009009009009,0.009009009009009009,0.036036036036036036,0.05405405405405406,0.06306306306306306,0.09009009009009009,0.02702702702702703,0.036036036036036036,0.04504504504504504
sp|P25568|ATG22_YEAST,0.054924242424242424,0.028409090909090908,0.03787878787878788,0.041666666666666664,0.00946969696969697,0.030303030303030304,0.026515151515151516,0.06628787878787878,0.011363636363636364,0.08522727272727272,0.11931818181818182,0.04734848484848485,0.02462121212121212,0.07575757575757576,0.030303030303030304,0.11742424242424243,0.045454545454545456,0.02462121212121212,0.03409090909090909,0.08901515151515152
sp|Q75B79|ATG11_ASHGO,0.05970149253731343,0.05223880597014925,0.04757462686567164,0.05690298507462686,0.009328358208955223,0.055970149253731345,0.08582089552238806,0.041044776119402986,0.017723880597014924,0.05037313432835821,0.11753731343283583,0.07555970149253731,0.018656716417910446,0.03731343283582089,0.025186567164179104,0.08768656716417911,0.05223880597014925,0.011194029850746268,0.024253731343283583,0.07369402985074627
sp|Q51UJ9|ATG11_MAGO7,0.0960573476702509,0.08028673835125448,0.03942652329749104,0.07311827956989247,0.0035842293906810036,0.056630824372759854,0.09032258064516129,0.05161290322580645,0.017204301075268817,0.035842293906810034,0.10967741935483871,0.06093189964157706,0.01935483870967742,0.023655913978494623,0.034408602150537634,0.07240143369175628,0.06523297491039426,0.007885304659498209,0.015770609318996417,0.04659498207885305
sp|A1CU77|ATG9_ASPCL,0.07903055848261328,0.07481559536354057,0.040042149631190724,0.07165437302423604,0.006322444678609062,0.037934668071654375,0.04320337197049526,0.07270811380400422,0.030558482613277135,0.03477344573234984,0.09378292939936776,0.03161222339304531,0.026343519494204427,0.06533192834562697,0.06638566912539515,0.08113804004214963,0.044257112750263436,0.01685985247629083,0.029504741833508957,0.05374077976817703
sp|W0TD11|BECN1_KLUMD,0.027896995708154508,0.03862660944206009,0.0815450643776824,0.06223175965665236,0.015021459227467811,0.05793991416309013,0.08369098712446352,0.034334763948497854,0.012875536480686695,0.07081545064377683,0.13733905579399142,0.08798283261802575,0.012875536480686695,0.030042918454935622,0.032188841201716736,0.09656652360515021,0.04935622317596566,0.008583690987124463,0.02145922746781116,0.03862660944206009
sp|A2QCV0|ATG17_ASPNC,0.09706959706959707,0.07692307692307693,0.038461538461538464,0.06227106227106227,0.0018315018315018315,0.040293040293040296,0.09157509157509157,0.06227106227106227,0.027472527472527472,0.04945054945054945,0.10989010989010989,0.02564102564102564,0.020146520146520148,0.020146520146520148,0.045787545787545784,0.11355311355311355,0.03663003663003663,0.005494505494505495,0.016483516483516484,0.05860805860805861
sp|A7EJG6|ATG5_SCLS1,0.06015037593984962,0.03007518796992481,0.045112781954887216,0.03759398496240601,0.007518796992481203,0.03007518796992481,0.03759398496240601,0.04887218045112782,0.02631578947368421,0.06766917293233082,0.12781954887218044,0.03759398496240601,0.022556390977443608,0.045112781954887216,0.08646616541353383,0.12406015037593984,0.07142857142857142,0.015037593984962405,0.03007518796992481,0.04887218045112782
sp|A7KAK1|ATG17_PICAN,0.053613053613053616,0.05128205128205128,0.05827505827505827,0.07692307692307693,0.009324009324009324,0.0675990675990676,0.08857808857808858,0.02097902097902098,0.02097902097902098,0.07226107226107226,0.11888111888111888,0.06526806526806526,0.023310023310023312,0.030303030303030304,0.023310023310023312,0.07692307692307693,0.04195804195804196,0.002331002331002331,0.027972027972027972,0.06993006993006994
sp|I1RR07|ATG17_GIBZE,0.08285163776493257,0.08285163776493257,0.028901734104046242,0.08285163776493257,0.0019267822736030828,0.05202312138728324,0.08092485549132948,0.06165703275529865,0.025048169556840076,0.04046242774566474,0.09441233140655106,0.04238921001926782,0.02697495183044316,0.02697495183044316,0.019267822736030827,0.09441233140655106,0.05202312138728324,0.009633911368015413,0.017341040462427744,0.07707129094412331
sp|Q6BH63|ATG16_DEBHA,0.03278688524590164,0.04371584699453552,0.13114754098360656,0.08196721311475409,0.0,0.0546448087431694,0.1092896174863388,0.0,0.01092896174863388,0.06557377049180328,0.1366120218579235,0.12021857923497267,0.00546448087431694,0.01639344262295082,0.0,0.08743169398907104,0.04918032786885246,0.01092896174863388,0.01639344262295082,0.0273224043715847
sp|Q5AI71|ATG17_CANAL,0.03361344537815126,0.037815126050420166,0.06092436974789916,0.04411764705882353,0.012605042016806723,0.05672268907563025,0.11554621848739496,0.029411764705882353,0.01680672268907563,0.09243697478991597,0.10714285714285714,0.09033613445378151,0.025210084033613446,0.03991596638655462,0.029411764705882353,0.06722689075630252,0.06512605042016807,0.0063025210084033615,0.029411764705882353,0.03991596638655462
sp|Q75BE5|ATG14_ASHGO,0.04220779220779221,0.08116883116883117,0.022727272727272728,0.05519480519480519,0.03571428571428571,0.03896103896103896,0.08441558441558442,0.03571428571428571,0.045454545454545456,0.048701298701298704,0.12987012987012986,0.045454545454545456,0.01948051948051948,0.02922077922077922,0.03896103896103896,0.06818181818181818,0.06818181818181818,0.012987012987012988,0.02922077922077922,0.06818181818181818
sp|Q6FR93|ATG20_CANGA,0.05444887118193891,0.041168658698539175,0.07436918990703852,0.07304116865869854,0.006640106241699867,0.025232403718459494,0.09561752988047809,0.03851261620185923,0.0199203187250996,0.06108897742363878,0.08233731739707835,0.09296148738379814,0.01593625498007968,0.02656042496679947,0.03187250996015936,0.11155378486055777,0.055776892430278883,0.0026560424966799467,0.03054448871181939,0.05976095617529881
sp|Q6BS08|ATG1_DEBHA,0.05942857142857143,0.048,0.07885714285714286,0.053714285714285714,0.006857142857142857,0.027428571428571427,0.07885714285714286,0.03542857142857143,0.017142857142857144,0.06285714285714286,0.10857142857142857,0.07085714285714285,0.018285714285714287,0.032,0.04914285714285714,0.11428571428571428,0.046857142857142854,0.006857142857142857,0.022857142857142857,0.061714285714285715
sp|Q756Z7|ATG23_ASHGO,0.09582309582309582,0.08108108108108109,0.02457002457002457,0.04176904176904177,0.009828009828009828,0.05405405405405406,0.09828009828009827,0.05405405405405406,0.029484029484029485,0.04176904176904177,0.12776412776412777,0.07371007371007371,0.0171990171990172,0.02702702702702703,0.0343980343980344,0.06388206388206388,0.04914004914004914,0.007371007371007371,0.012285012285012284,0.056511056511056514
sp|Q6CUZ1|ATG22_KLULA,0.0508130081300813,0.034552845528455285,0.036585365853658534,0.03861788617886179,0.01016260162601626,0.034552845528455285,0.034552845528455285,0.06910569105691057,0.016260162601626018,0.08943089430894309,0.14227642276422764,0.04065040650406504,0.02032520325203252,0.07113821138211382,0.03048780487804878,0.08739837398373984,0.04878048780487805,0.024390243902439025,0.036585365853658534,0.08333333333333333
sp|Q6CFR0|ATG11_YARLI,0.07142857142857142,0.06385281385281386,0.03463203463203463,0.05735930735930736,0.008658008658008658,0.06277056277056277,0.08874458874458875,0.046536796536796536,0.017316017316017316,0.03354978354978355,0.10606060606060606,0.06926406926406926,0.015151515151515152,0.031385281385281384,0.02813852813852814,0.09632034632034632,0.06385281385281386,0.01406926406926407,0.016233766233766232,0.07467532467532467
sp|Q4WZY1|AT222_ASPFU,0.0929853181076672,0.048939641109298535,0.021207177814029365,0.02936378466557912,0.011419249592169658,0.024469820554649267,0.04404567699836868,0.08319738988580751,0.01468189233278956,0.06035889070146819,0.12887438825448613,0.03262642740619902,0.022838499184339316,0.06035889070146819,0.05546492659053834,0.09461663947797716,0.06035889070146819,0.022838499184339316,0.01957585644371941,0.07177814029363784
sp|Q6CXW3|ATG7_KLULA,0.05970149253731343,0.03648424543946932,0.05306799336650083,0.06467661691542288,0.024875621890547265,0.03648424543946932,0.06633499170812604,0.04809286898839138,0.013266998341625208,0.05970149253731343,0.10945273631840796,0.07628524046434494,0.014925373134328358,0.05472636815920398,0.03316749585406302,0.0912106135986733,0.04809286898839138,0.013266998341625208,0.024875621890547265,0.07131011608623548
sp|Q6BT31|ATG8_DEBHA,0.051470588235294115,0.0661764705882353,0.04411764705882353,0.08088235294117647,0.007352941176470588,0.029411764705882353,0.10294117647058823,0.03676470588235294,0.014705882352941176,0.08088235294117647,0.08088235294117647,0.08088235294117647,0.022058823529411766,0.0661764705882353,0.04411764705882353,0.051470588235294115,0.04411764705882353,0.0,0.03676470588235294,0.058823529411764705
sp|Q8S926|ATG8E_ARATH,0.04918032786885246,0.04918032786885246,0.040983606557377046,0.07377049180327869,0.0,0.00819672131147541,0.09016393442622951,0.05737704918032787,0.0,0.09016393442622951,0.04918032786885246,0.12295081967213115,0.02459016393442623,0.05737704918032787,0.04918032786885246,0.07377049180327869,0.03278688524590164,0.0,0.04918032786885246,0.08196721311475409
sp|Q0TWF4|AT221_PHANO,0.10954063604240283,0.053003533568904596,0.02120141342756184,0.024734982332155476,0.012367491166077738,0.026501766784452298,0.044169611307420496,0.07420494699646643,0.015901060070671377,0.06007067137809187,0.12014134275618374,0.028268551236749116,0.028268551236749116,0.0636042402826855,0.05123674911660778,0.08833922261484099,0.05653710247349823,0.019434628975265017,0.030035335689045935,0.07243816254416961
sp|Q75F26|ATG29_ASHGO,0.05813953488372093,0.05813953488372093,0.06395348837209303,0.0755813953488372,0.005813953488372093,0.06395348837209303,0.06395348837209303,0.05813953488372093,0.029069767441860465,0.05813953488372093,0.08139534883720931,0.05232558139534884,0.011627906976744186,0.029069767441860465,0.05232558139534884,0.11046511627906977,0.03488372093023256,0.01744186046511628,0.023255813953488372,0.05232558139534884
sp|J4W0G2|ATG1_BEAB2,0.10215053763440861,0.07634408602150537,0.02795698924731183,0.04946236559139785,0.005376344086021506,0.04408602150537634,0.07096774193548387,0.05053763440860215,0.024731182795698924,0.04408602150537634,0.09462365591397849,0.053763440860215055,0.023655913978494623,0.02043010752688172,0.05913978494623656,0.11182795698924732,0.046236559139784944,0.005376344086021506,0.024731182795698924,0.06451612903225806
sp|Q6CVG9|ATG11_KLULA,0.04206500956022945,0.03537284894837476,0.06500956022944551,0.06405353728489484,0.0057361376673040155,0.06405353728489484,0.07839388145315487,0.0248565965583174,0.016252390057361378,0.05640535372848948,0.124282982791587,0.0869980879541109,0.021032504780114723,0.04684512428298279,0.02581261950286807,0.10516252390057361,0.044933078393881457,0.009560229445506692,0.03154875717017208,0.05162523900573614
sp|Q75CI5|ATG10_ASHGO,0.1,0.08235294117647059,0.029411764705882353,0.07647058823529412,0.01764705882352941,0.047058823529411764,0.047058823529411764,0.029411764705882353,0.01764705882352941,0.0058823529411764705,0.14705882352941177,0.01764705882352941,0.011764705882352941,0.03529411764705882,0.07058823529411765,0.058823529411764705,0.041176470588235294,0.041176470588235294,0.047058823529411764,0.07647058823529412
sp|I1S4N7|BECN1_GIBZE,0.08213552361396304,0.07597535934291581,0.043121149897330596,0.07186858316221766,0.01642710472279261,0.03696098562628337,0.06981519507186858,0.04722792607802875,0.02053388090349076,0.030800821355236138,0.1026694045174538,0.061601642710472276,0.026694045174537988,0.028747433264887063,0.061601642710472276,0.1026694045174538,0.04722792607802875,0.008213552361396304,0.02053388090349076,0.045174537987679675
sp|Q55CC5|BECNA_DICDI,0.017543859649122806,0.02046783625730994,0.2536549707602339,0.03874269005847953,0.005847953216374269,0.043859649122807015,0.04824561403508772,0.023391812865497075,0.013888888888888888,0.08625730994152046,0.08406432748538012,0.04532163742690058,0.012426900584795321,0.03728070175438596,0.03435672514619883,0.1023391812865497,0.06286549707602339,0.005116959064327485,0.03289473684210526,0.031432748538011694
sp|O93922|ATG7_PICPA,0.05045871559633028,0.035168195718654434,0.06116207951070336,0.06269113149847094,0.016819571865443424,0.04281345565749235,0.06269113149847094,0.047400611620795105,0.01834862385321101,0.053516819571865444,0.12079510703363915,0.06880733944954129,0.013761467889908258,0.06422018348623854,0.0382262996941896,0.08256880733944955,0.05963302752293578,0.012232415902140673,0.03058103975535168,0.0581039755351682
sp|Q9GJW7|GBRAP_BOVIN,0.05128205128205128,0.06837606837606838,0.017094017094017096,0.05982905982905983,0.0,0.02564102564102564,0.09401709401709402,0.042735042735042736,0.03418803418803419,0.05982905982905983,0.07692307692307693,0.10256410256410256,0.017094017094017096,0.07692307692307693,0.05982905982905983,0.042735042735042736,0.02564102564102564,0.0,0.06837606837606838,0.07692307692307693
sp|Q2UMW6|ATG12_ASPOR,0.09090909090909091,0.045454545454545456,0.03409090909090909,0.07954545454545454,0.017045454545454544,0.045454545454545456,0.028409090909090908,0.045454545454545456,0.022727272727272728,0.022727272727272728,0.07386363636363637,0.07386363636363637,0.022727272727272728,0.045454545454545456,0.07954545454545454,0.13068181818181818,0.045454545454545456,0.005681818181818182,0.011363636363636364,0.07954545454545454
sp|A1C5W7|AT222_ASPCL,0.09328968903436989,0.04582651391162029,0.027823240589198037,0.03600654664484452,0.01800327332242226,0.027823240589198037,0.03273322422258593,0.08183306055646482,0.016366612111292964,0.07037643207855974,0.12274959083469722,0.02618657937806874,0.02127659574468085,0.05564648117839607,0.05564648117839607,0.07855973813420622,0.06546644844517185,0.01800327332242226,0.029459901800327332,0.07692307692307693
sp|Q6CQ43|ATG2_KLULA,0.041278295605858856,0.03661784287616511,0.06125166444740346,0.06524633821571238,0.008655126498002663,0.039280958721704395,0.06790945406125166,0.039280958721704395,0.015978695073235686,0.07456724367509987,0.12516644474034622,0.08255659121171771,0.020639147802929428,0.03861517976031957,0.031291611185086554,0.09187749667110519,0.06790945406125166,0.004660452729693742,0.02463382157123835,0.06258322237017311
sp|Q9US24|ATG12_SCHPO,0.045454545454545456,0.06818181818181818,0.09090909090909091,0.045454545454545456,0.007575757575757576,0.03787878787878788,0.09090909090909091,0.03787878787878788,0.007575757575757576,0.07575757575757576,0.11363636363636363,0.05303030303030303,0.015151515151515152,0.05303030303030303,0.03787878787878788,0.07575757575757576,0.05303030303030303,0.0,0.030303030303030304,0.06060606060606061
sp|Q9HFR4|ATG2_PICPA,0.042987641053197204,0.04567436861902203,0.06179473401397098,0.07200429876410532,0.00967221923696937,0.03707684040838259,0.0660934981192907,0.0445996775926921,0.016657710908113917,0.05588393336915637,0.10746910263299302,0.07254164427727028,0.02041912950026867,0.046211714132187,0.03922622246104245,0.11445459430413756,0.06286942504030091,0.0032240730789897904,0.02095647501343364,0.06018269747447609
sp|W0TIW1|ATG9_KLUMD,0.04746136865342163,0.04083885209713024,0.0695364238410596,0.05849889624724062,0.009933774834437087,0.03642384105960265,0.0728476821192053,0.05077262693156733,0.02207505518763797,0.06622516556291391,0.09271523178807947,0.06622516556291391,0.01545253863134658,0.0695364238410596,0.04415011037527594,0.09050772626931568,0.04304635761589404,0.011037527593818985,0.04304635761589404,0.04966887417218543
sp|Q5ANC9|ATG9_CANAL,0.031512605042016806,0.04096638655462185,0.09138655462184873,0.05672268907563025,0.004201680672268907,0.059873949579831935,0.04936974789915966,0.03571428571428571,0.017857142857142856,0.08508403361344538,0.09873949579831932,0.06302521008403361,0.026260504201680673,0.051470588235294115,0.03676470588235294,0.10609243697478991,0.04411764705882353,0.009453781512605041,0.058823529411764705,0.032563025210084036
sp|Q8H1Q8|AT18B_ARATH,0.07103825136612021,0.04644808743169399,0.04371584699453552,0.03825136612021858,0.01092896174863388,0.02185792349726776,0.03825136612021858,0.0546448087431694,0.02185792349726776,0.05737704918032787,0.12021857923497267,0.03551912568306011,0.01639344262295082,0.04644808743169399,0.040983606557377046,0.14754098360655737,0.07650273224043716,0.00546448087431694,0.03825136612021858,0.06830601092896176
sp|Q2H427|ATG3_CHAGB,0.09171597633136094,0.05029585798816568,0.03254437869822485,0.10059171597633136,0.005917159763313609,0.03254437869822485,0.07100591715976332,0.07692307692307693,0.03254437869822485,0.04142011834319527,0.0650887573964497,0.047337278106508875,0.023668639053254437,0.029585798816568046,0.05029585798816568,0.05621301775147929,0.06804733727810651,0.014792899408284023,0.03550295857988166,0.07396449704142012
sp|Q0U199|ATG4_PHANO,0.0835117773019272,0.06423982869379015,0.029978586723768737,0.07708779443254818,0.01284796573875803,0.05139186295503212,0.057815845824411134,0.06638115631691649,0.021413276231263382,0.044967880085653104,0.06852248394004283,0.034261241970021415,0.014989293361884369,0.03640256959314775,0.08565310492505353,0.09207708779443255,0.055674518201284794,0.023554603854389723,0.027837259100642397,0.05139186295503212
sp|Q2UBM1|ATG5_ASPOR,0.07453416149068323,0.052795031055900624,0.034161490683229816,0.062111801242236024,0.0,0.037267080745341616,0.040372670807453416,0.052795031055900624,0.015527950310559006,0.062111801242236024,0.12422360248447205,0.027950310559006212,0.021739130434782608,0.034161490683229816,0.10248447204968944,0.12111801242236025,0.027950310559006212,0.024844720496894408,0.024844720496894408,0.059006211180124224
sp|Q6CKE2|ATG5_KLULA,0.03690036900369004,0.04059040590405904,0.04797047970479705,0.06273062730627306,0.02214022140221402,0.04059040590405904,0.05166051660516605,0.04059040590405904,0.025830258302583026,0.08487084870848709,0.1033210332103321,0.06273062730627306,0.025830258302583026,0.04059040590405904,0.05904059040590406,0.07011070110701106,0.04059040590405904,0.033210332103321034,0.03690036900369004,0.07380073800738007
sp|A6RE26|ATG5_AJECN,0.07207207207207207,0.05405405405405406,0.03303303303303303,0.05105105105105105,0.006006006006006006,0.05105105105105105,0.042042042042042045,0.057057057057057055,0.02702702702702703,0.06006006006006006,0.0960960960960961,0.02702702702702703,0.012012012012012012,0.042042042042042045,0.12012012012012012,0.08108108108108109,0.05105105105105105,0.021021021021021023,0.02702702702702703,0.06906906906906907
sp|A5E567|ATG15_LODEL,0.05253623188405797,0.04891304347826087,0.059782608695652176,0.07246376811594203,0.028985507246376812,0.03804347826086957,0.06159420289855073,0.06884057971014493,0.041666666666666664,0.06702898550724638,0.07971014492753623,0.06159420289855073,0.010869565217391304,0.028985507246376812,0.03985507246376811,0.04710144927536232,0.06340579710144928,0.021739130434782608,0.04891304347826087,0.057971014492753624
sp|Q6CPX2|ATG16_KLULA,0.031746031746031744,0.0873015873015873,0.07936507936507936,0.0873015873015873,0.0,0.03968253968253968,0.1349206349206349,0.007936507936507936,0.031746031746031744,0.07142857142857142,0.1746031746031746,0.07142857142857142,0.015873015873015872,0.015873015873015872,0.007936507936507936,0.047619047619047616,0.03968253968253968,0.007936507936507936,0.007936507936507936,0.03968253968253968
sp|A7KAM4|ATG13_PENRW,0.09240246406570841,0.08932238193018481,0.039014373716632446,0.058521560574948665,0.003080082135523614,0.03285420944558522,0.04620123203285421,0.07392197125256673,0.023613963039014373,0.03696098562628337,0.06981519507186858,0.024640657084188913,0.017453798767967144,0.026694045174537988,0.09034907597535935,0.16119096509240247,0.055441478439425054,0.006160164271047228,0.014373716632443531,0.037987679671457907
sp|Q2UFN7|ATG17_ASPOR,0.10181818181818182,0.07818181818181819,0.045454545454545456,0.06,0.0018181818181818182,0.034545454545454546,0.09454545454545454,0.05272727272727273,0.02727272727272727,0.04363636363636364,0.10545454545454545,0.02727272727272727,0.01818181818181818,0.02181818181818182,0.03636363636363636,0.10545454545454545,0.04727272727272727,0.005454545454545455,0.01818181818181818,0.07454545454545454
sp|A7TJJ8|ATG14_VANPO,0.026706231454005934,0.05341246290801187,0.05637982195845697,0.05637982195845697,0.017804154302670624,0.05934718100890208,0.05637982195845697,0.02373887240356083,0.02967359050445104,0.0771513353115727,0.11869436201780416,0.09495548961424333,0.020771513353115726,0.032640949554896145,0.026706231454005934,0.05934718100890208,0.05934718100890208,0.01483679525222552,0.02967359050445104,0.08605341246290801
sp|Q75CH3|ATG1_ASHGO,0.07921810699588477,0.050411522633744855,0.060699588477366256,0.056584362139917695,0.01646090534979424,0.046296296296296294,0.06893004115226338,0.046296296296296294,0.03189300411522634,0.0411522633744856,0.10905349794238683,0.0668724279835391,0.023662551440329218,0.03189300411522634,0.043209876543209874,0.09465020576131687,0.043209876543209874,0.006172839506172839,0.03292181069958848,0.050411522633744855
sp|A7TFA9|ATG22_VANPO,0.046153846153846156,0.025,0.03653846153846154,0.038461538461538464,0.007692307692307693,0.028846153846153848,0.03461538461538462,0.05576923076923077,0.021153846153846155,0.11346153846153846,0.12884615384615383,0.05,0.013461538461538462,0.075,0.026923076923076925,0.10576923076923077,0.06538461538461539,0.021153846153846155,0.032692307692307694,0.07307692307692308
sp|A1C6D6|ATG15_ASPCL,0.07301587301587302,0.047619047619047616,0.03333333333333333,0.06349206349206349,0.03015873015873016,0.01904761904761905,0.046031746031746035,0.07142857142857142,0.02857142857142857,0.03650793650793651,0.07142857142857142,0.02857142857142857,0.020634920634920634,0.03333333333333333,0.06349206349206349,0.08571428571428572,0.1365079365079365,0.022222222222222223,0.03492063492063492,0.05396825396825397
sp|Q4X0B0|ATG17_ASPFU,0.0998185117967332,0.08166969147005444,0.041742286751361164,0.06533575317604355,0.003629764065335753,0.032667876588021776,0.09437386569872959,0.050816696914700546,0.02722323049001815,0.045372050816696916,0.10526315789473684,0.032667876588021776,0.021778584392014518,0.021778584392014518,0.036297640653357534,0.10163339382940109,0.047186932849364795,0.0054446460980036296,0.018148820326678767,0.06715063520871144
sp|P0CM28|ATG12_CRYNJ,0.12380952380952381,0.02857142857142857,0.047619047619047616,0.0380952380952381,0.0,0.05714285714285714,0.01904761904761905,0.06666666666666667,0.01904761904761905,0.047619047619047616,0.06666666666666667,0.06666666666666667,0.0380952380952381,0.06666666666666667,0.06666666666666667,0.06666666666666667,0.0761904761904762,0.009523809523809525,0.02857142857142857,0.06666666666666667
sp|Q75EB4|ATG12_ASHGO,0.0582010582010582,0.05291005291005291,0.026455026455026454,0.026455026455026454,0.021164021164021163,0.08465608465608465,0.10582010582010581,0.042328042328042326,0.015873015873015872,0.026455026455026454,0.10052910052910052,0.010582010582010581,0.010582010582010581,0.037037037037037035,0.07407407407407407,0.15343915343915343,0.042328042328042326,0.005291005291005291,0.021164021164021163,0.08465608465608465
sp|Q0CSI0|ATG2_ASPTN,0.07252641690682037,0.059558117195004805,0.027857829010566763,0.0792507204610951,0.0019212295869356388,0.037944284341978864,0.06724303554274735,0.06340057636887608,0.028338136407300672,0.04899135446685879,0.09317963496637849,0.0446685878962536,0.01825168107588857,0.03266090297790586,0.06195965417867435,0.10902977905859751,0.056676272814601344,0.007204610951008645,0.01825168107588857,0.07108549471661864
sp|Q21480|ATG2_CAEEL,0.05458515283842795,0.043668122270742356,0.05152838427947598,0.0703056768558952,0.01572052401746725,0.04148471615720524,0.07554585152838428,0.05240174672489083,0.022707423580786028,0.06200873362445415,0.08340611353711791,0.05851528384279476,0.032314410480349345,0.04192139737991266,0.05240174672489083,0.08995633187772925,0.062882096069869,0.00611353711790393,0.02314410480349345,0.059388646288209605
